-0.5  300 81.6544 0.000810465  0.0039054
-0.5  350 81.1128 0.00246345  0.00702311
-0.5  400 80.1778 0.00531678  0.011456
-0.5  450 78.8373 0.00941076  0.0132614
-0.5  500 77.0418 0.0148877  0.0267649
-0.5  550 75.2165 0.020487  0.0294777
-0.5  600 73.1339 0.0268421  0.0226052
-0.5  650 71.063 0.0331919  0.0331093
-0.5  700 68.4754 0.0411209  0.0292423
-0.5  750 66.1366 0.0483829  0.0332679
-0.5  800 63.9972 0.0550105  0.025369
-0.5  850 61.4502 0.0629302  0.0365758
-0.5  900 58.9027 0.0709449  0.0255818
-0.5  950 57.3851 0.0757669  0.0259749
-0.5  1000 55.2686 0.0824722  0.0249312
-0.5  1050 52.896 0.0900965  0.0242522
-0.5  1100 51.6885 0.0941135  0.0259933
-0.5  1150 49.2313 0.102303  0.026334
-0.5  1200 47.5699 0.107375  0.0230791
-0.5  1250 46.5395 0.111541  0.0270774
-0.5  1300 45.0999 0.116039  0.018849
-0.5  1350 43.2167 0.12261  0.0195191
-0.5  1400 42.3871 0.125844  0.0230982
-0.5  1450 41.1221 0.130643  0.020591
-0.5  1500 39.5916 0.135799  0.0185425
-0.5  1550 38.1793 0.14088  0.0220663
-0.5  1600 36.9274 0.145257  0.0168884
-0.5  1650 35.6628 0.150035  0.0223782
-0.5  1700 34.637 0.154334  0.0187942
-0.5  1750 33.8564 0.156953  0.0204927
-0.5  1800 33.1799 0.159725  0.0163043
-0.5  1850 32.1948 0.163912  0.0203023
-0.5  1900 31.0985 0.167996  0.0196796
-0.5  1950 30.084 0.172673  0.0213168
-0.475  300 81.1401 0.00238535  0.00905515
-0.475  350 80.1026 0.00554626  0.0124825
-0.475  400 78.5059 0.0104189  0.0162952
-0.475  450 76.5949 0.0162528  0.0258368
-0.475  500 74.2993 0.0232711  0.0222624
-0.475  550 71.5091 0.0317882  0.0250885
-0.475  600 68.5243 0.0409411  0.0252259
-0.475  650 65.8515 0.0492714  0.0289147
-0.475  700 63.7899 0.0555466  0.0247496
-0.475  750 60.6746 0.0652506  0.0214564
-0.475  800 58.214 0.0729785  0.0263542
-0.475  850 56.2794 0.0791073  0.0268697
-0.475  900 53.8995 0.086586  0.0233999
-0.475  950 51.8392 0.0932568  0.0199376
-0.475  1000 49.6995 0.100173  0.0222199
-0.475  1050 47.3585 0.107589  0.0197645
-0.475  1100 46.2727 0.11145  0.0216655
-0.475  1150 44.1795 0.118391  0.0209859
-0.475  1200 42.5996 0.123922  0.021123
-0.475  1250 41.2389 0.128643  0.0259678
-0.475  1300 40.2825 0.132154  0.0232497
-0.475  1350 39.0846 0.136794  0.0190434
-0.475  1400 37.061 0.143564  0.0187759
-0.475  1450 35.697 0.148356  0.0201456
-0.475  1500 34.7571 0.152455  0.016506
-0.475  1550 33.495 0.157006  0.0180031
-0.475  1600 32.3086 0.161527  0.0189027
-0.475  1650 31.2475 0.165446  0.0160956
-0.475  1700 30.713 0.168489  0.0159899
-0.475  1750 29.6898 0.172129  0.0205863
-0.475  1800 27.9872 0.178729  0.0202697
-0.475  1850 27.9017 0.179806  0.0158687
-0.475  1900 27.026 0.183565  0.0221948
-0.475  1950 26.2496 0.18693  0.0140557
-0.45  300 79.8799 0.00622591  0.0149914
-0.45  350 77.9005 0.0122664  0.0164663
-0.45  400 75.1239 0.0207576  0.0270237
-0.45  450 71.9488 0.0304397  0.0201924
-0.45  500 68.8408 0.0399507  0.0230321
-0.45  550 65.9011 0.0489817  0.0254449
-0.45  600 62.4551 0.0595417  0.0266002
-0.45  650 59.1973 0.0696668  0.0238803
-0.45  700 56.9663 0.0766582  0.0228952
-0.45  750 54.2792 0.085075  0.0236759
-0.45  800 52.0797 0.0920085  0.0194002
-0.45  850 49.3343 0.100914  0.0226847
-0.45  900 46.9784 0.10849  0.0208616
-0.45  950 44.9196 0.11506  0.018778
-0.45  1000 43.2895 0.1207  0.0181569
-0.45  1050 41.3025 0.127261  0.0166104
-0.45  1100 39.4551 0.13377  0.0180747
-0.45  1150 38.1423 0.138194  0.0170164
-0.45  1200 37.0334 0.142598  0.0180169
-0.45  1250 35.9098 0.14673  0.020106
-0.45  1300 33.9218 0.153543  0.0163323
-0.45  1350 32.7202 0.158365  0.0207911
-0.45  1400 31.7719 0.161584  0.0180138
-0.45  1450 31.1464 0.164155  0.0164969
-0.45  1500 29.8957 0.169337  0.0202356
-0.45  1550 28.6289 0.174298  0.0136476
-0.45  1600 27.6418 0.178234  0.01753
-0.45  1650 26.6327 0.18245  0.0172276
-0.45  1700 25.8501 0.185845  0.0157273
-0.45  1750 25.1253 0.189073  0.0150514
-0.45  1800 24.3235 0.192854  0.0163171
-0.45  1850 23.7204 0.195385  0.0175038
-0.45  1900 23.0786 0.19798  0.0148814
-0.45  1950 22.5394 0.201581  0.0198027
-0.425  300 77.0963 0.0147207  0.0177587
-0.425  350 73.3309 0.026216  0.0234258
-0.425  400 68.7551 0.0401937  0.0270727
-0.425  450 65.2049 0.0510772  0.0226479
-0.425  500 61.2499 0.0632409  0.0233648
-0.425  550 57.9463 0.0733794  0.0283974
-0.425  600 54.7169 0.0833031  0.0251735
-0.425  650 51.7873 0.0925928  0.0241442
-0.425  700 48.6831 0.102372  0.0263056
-0.425  750 46.2005 0.110159  0.0183275
-0.425  800 44.1595 0.116942  0.0171319
-0.425  850 42.1966 0.123454  0.0188998
-0.425  900 40.0933 0.13049  0.0164814
-0.425  950 38.765 0.134793  0.0152653
-0.425  1000 36.8926 0.141384  0.0135396
-0.425  1050 35.3518 0.146711  0.0133113
-0.425  1100 33.8208 0.152091  0.0151189
-0.425  1150 32.1534 0.158571  0.0180599
-0.425  1200 31.2992 0.161902  0.0131875
-0.425  1250 29.7607 0.167412  0.0176495
-0.425  1300 28.8561 0.17119  0.0166266
-0.425  1350 27.1252 0.177262  0.0147773
-0.425  1400 27.0514 0.178138  0.0147057
-0.425  1450 25.586 0.18404  0.0143307
-0.425  1500 24.6488 0.187828  0.0175445
-0.425  1550 24.0473 0.19115  0.0137052
-0.425  1600 23.2479 0.19492  0.0163639
-0.425  1650 22.3742 0.198089  0.014974
-0.425  1700 21.4292 0.202673  0.0126298
-0.425  1750 20.4068 0.207248  0.0155256
-0.425  1800 20.0243 0.209444  0.0161526
-0.425  1850 19.9676 0.210835  0.0137366
-0.425  1900 18.9478 0.215063  0.0158339
-0.425  1950 19.0553 0.216175  0.0126648
-0.4  300 70.1709 0.0358554  0.0226513
-0.4  350 64.7532 0.0523975  0.023971
-0.4  400 59.8473 0.0674318  0.0282951
-0.4  450 55.3861 0.0810498  0.0214028
-0.4  500 51.421 0.0932834  0.0217689
-0.4  550 48.016 0.103891  0.0209966
-0.4  600 44.581 0.114658  0.0150122
-0.4  650 42.4194 0.121617  0.0147706
-0.4  700 39.8347 0.129979  0.0152012
-0.4  750 37.5393 0.137422  0.0133319
-0.4  800 35.8093 0.143128  0.0154631
-0.4  850 34.5375 0.147836  0.0137915
-0.4  900 32.6252 0.154389  0.016276
-0.4  950 30.8216 0.160485  0.0144672
-0.4  1000 29.7814 0.164536  0.0131371
-0.4  1050 28.4076 0.169986  0.0119611
-0.4  1100 27.1257 0.174671  0.0141268
-0.4  1150 26.0559 0.178887  0.0144828
-0.4  1200 24.8729 0.183333  0.0129757
-0.4  1250 23.4977 0.189206  0.014823
-0.4  1300 22.6272 0.192489  0.0116135
-0.4  1350 21.8847 0.196344  0.013315
-0.4  1400 21.0257 0.20017  0.0121691
-0.4  1450 20.7494 0.201999  0.0161737
-0.4  1500 19.2967 0.207851  0.0137427
-0.4  1550 18.6376 0.211234  0.0120436
-0.4  1600 18.5888 0.212154  0.0155467
-0.4  1650 18.2647 0.214538  0.0155708
-0.4  1700 17.037 0.219306  0.0161799
-0.4  1750 16.6361 0.221808  0.0144599
-0.4  1800 16.2792 0.224216  0.0138328
-0.4  1850 15.191 0.229202  0.0124456
-0.4  1900 15.1739 0.230152  0.0145614
-0.4  1950 14.4207 0.234068  0.0168013
-0.375  300 56.7602 0.0768037  0.0225858
-0.375  350 50.8019 0.0949974  0.0179867
-0.375  400 46.6213 0.10782  0.0120195
-0.375  450 42.3057 0.121115  0.0137187
-0.375  500 38.8872 0.131991  0.0109991
-0.375  550 36.4798 0.139515  0.0103225
-0.375  600 33.7027 0.148305  0.0117
-0.375  650 32.0161 0.154124  0.0118139
-0.375  700 30.0081 0.1609  0.0113859
-0.375  750 28.3012 0.166759  0.0106021
-0.375  800 26.9399 0.171395  0.011577
-0.375  850 25.8449 0.175633  0.00983119
-0.375  900 24.7582 0.179864  0.0112705
-0.375  950 23.2764 0.185475  0.0104579
-0.375  1000 22.4299 0.188922  0.0102607
-0.375  1050 21.3016 0.19359  0.0107427
-0.375  1100 20.4398 0.197547  0.0108288
-0.375  1150 20.1192 0.19979  0.0114874
-0.375  1200 19.3648 0.203356  0.0118363
-0.375  1250 17.8253 0.208486  0.00878236
-0.375  1300 17.5011 0.211459  0.0112324
-0.375  1350 16.9169 0.214276  0.0108602
-0.375  1400 16.4451 0.21696  0.0113404
-0.375  1450 15.6235 0.221265  0.0116778
-0.375  1500 15.0589 0.224746  0.0134109
-0.375  1550 14.3647 0.227234  0.0114459
-0.375  1600 14.1586 0.22956  0.0130893
-0.375  1650 13.5769 0.233384  0.0138357
-0.375  1700 12.9171 0.236577  0.0118588
-0.375  1750 12.7788 0.23918  0.012934
-0.375  1800 11.9575 0.241461  0.0112389
-0.375  1850 11.4751 0.24522  0.010632
-0.375  1900 11.1615 0.246836  0.0115685
-0.375  1950 10.3686 0.250933  0.014554
-0.35  300 37.1236 0.136754  0.00856751
-0.35  350 33.0673 0.14925  0.00638491
-0.35  400 29.8366 0.159403  0.00766064
-0.35  450 27.3691 0.167065  0.00706396
-0.35  500 25.2044 0.174121  0.00594858
-0.35  550 24.1177 0.177772  0.00659797
-0.35  600 22.4494 0.183457  0.00649207
-0.35  650 20.9074 0.188861  0.00785683
-0.35  700 19.1531 0.195072  0.00743866
-0.35  750 17.9634 0.199436  0.00807457
-0.35  800 17.4264 0.202357  0.00812066
-0.35  850 16.8603 0.204672  0.00801885
-0.35  900 16.1816 0.208242  0.00819973
-0.35  950 15.3764 0.211636  0.0105161
-0.35  1000 14.9125 0.214705  0.0097584
-0.35  1050 13.7235 0.219178  0.0101675
-0.35  1100 13.9132 0.220057  0.0118267
-0.35  1150 13.5451 0.222736  0.0106056
-0.35  1200 12.6029 0.227548  0.0121367
-0.35  1250 12.0924 0.229879  0.00983979
-0.35  1300 11.8121 0.232066  0.0107509
-0.35  1350 11.4534 0.234546  0.0100364
-0.35  1400 10.8345 0.237343  0.010629
-0.35  1450 10.4065 0.240839  0.0113463
-0.35  1500 9.75269 0.244808  0.0125747
-0.35  1550 9.17169 0.248291  0.0129555
-0.35  1600 9.90417 0.246909  0.010756
-0.35  1650 8.53239 0.252946  0.0102059
-0.35  1700 8.65165 0.254327  0.0115818
-0.35  1750 8.29331 0.256743  0.0106396
-0.35  1800 7.88482 0.259271  0.00970263
-0.35  1850 7.57407 0.261556  0.0122627
-0.35  1900 7.32944 0.263587  0.012187
-0.35  1950 6.79039 0.267164  0.0130861
-0.325  300 12.9658 0.210568  0.0011594
-0.325  350 11.6765 0.214735  0.00216618
-0.325  400 10.8397 0.217482  0.00249682
-0.325  450 10.9725 0.2176  0.00322239
-0.325  500 10.5987 0.219253  0.00417067
-0.325  550 10.3246 0.22084  0.00468949
-0.325  600 9.86643 0.222871  0.00580025
-0.325  650 9.90554 0.223681  0.00676686
-0.325  700 8.81988 0.228331  0.00745512
-0.325  750 8.7237 0.229352  0.0064488
-0.325  800 8.66108 0.231208  0.00723468
-0.325  850 8.183 0.233709  0.00824739
-0.325  900 7.68985 0.236733  0.00927931
-0.325  950 7.55372 0.238552  0.00999045
-0.325  1000 7.49859 0.240171  0.00976345
-0.325  1050 7.3615 0.241684  0.00956841
-0.325  1100 6.66402 0.245766  0.0100122
-0.325  1150 6.56666 0.247361  0.0112038
-0.325  1200 6.74274 0.248176  0.00897745
-0.325  1250 6.56555 0.250655  0.0113994
-0.325  1300 5.84588 0.254885  0.0127845
-0.325  1350 5.739 0.256534  0.0107737
-0.325  1400 5.61926 0.259285  0.0102663
-0.325  1450 5.45267 0.260643  0.0109689
-0.325  1500 5.46541 0.261845  0.00924057
-0.325  1550 5.19969 0.264058  0.0120387
-0.325  1600 4.31679 0.269663  0.0114927
-0.325  1650 4.67017 0.270105  0.0113764
-0.325  1700 4.21691 0.272744  0.0113062
-0.325  1750 4.52027 0.274643  0.0110294
-0.325  1800 3.91559 0.277083  0.0117009
-0.325  1850 3.7216 0.279184  0.010459
-0.325  1900 4.19882 0.279007  0.0100304
-0.325  1950 3.51786 0.282546  0.00940709
-0.3  300 -14.2899 0.293897  0.0067198
-0.3  350 -10.538 0.282673  0.00572838
-0.3  400 -8.85738 0.278043  0.00597862
-0.3  450 -6.56826 0.271545  0.00581103
-0.3  500 -5.20768 0.268276  0.00705459
-0.3  550 -4.44594 0.266977  0.00689532
-0.3  600 -3.29053 0.264426  0.00786706
-0.3  650 -2.18348 0.262527  0.00831228
-0.3  700 -1.72096 0.261913  0.00670091
-0.3  750 -1.79578 0.263715  0.00835091
-0.3  800 -0.598282 0.261596  0.0118866
-0.3  850 -0.243965 0.261878  0.0111735
-0.3  900 0.0990625 0.262506  0.00942012
-0.3  950 -0.071562 0.265244  0.00999403
-0.3  1000 0.364207 0.265017  0.0102101
-0.3  1050 0.18599 0.266873  0.00950832
-0.3  1100 -0.34485 0.270482  0.00938157
-0.3  1150 0.69336 0.269737  0.0116022
-0.3  1200 0.568034 0.271521  0.0108154
-0.3  1250 0.226326 0.275062  0.0127064
-0.3  1300 0.774248 0.27512  0.0108645
-0.3  1350 0.34286 0.277557  0.0100421
-0.3  1400 0.972196 0.278048  0.0127352
-0.3  1450 0.438837 0.28132  0.0102923
-0.3  1500 0.219498 0.283007  0.0129415
-0.3  1550 0.774045 0.283507  0.0106555
-0.3  1600 0.65618 0.285483  0.00977759
-0.3  1650 0.681099 0.287739  0.0113939
-0.3  1700 0.282093 0.290833  0.00879308
-0.3  1750 0.119689 0.293137  0.0125063
-0.3  1800 0.190339 0.294306  0.0105807
-0.3  1850 0.183527 0.295839  0.00940337
-0.3  1900 0.079026 0.298575  0.0112308
-0.3  1950 0.501582 0.29876  0.0101768
-0.275  300 -35.7152 0.359267  0.0485055
-0.275  350 -36.3354 0.361539  0.025797
-0.275  400 -31.3476 0.346823  0.0175602
-0.275  450 -28.184 0.337815  0.0178039
-0.275  500 -23.6207 0.324945  0.0215065
-0.275  550 -21.6974 0.320053  0.0152286
-0.275  600 -16.5896 0.306075  0.0188392
-0.275  650 -14.261 0.30072  0.0171368
-0.275  700 -13.1017 0.298595  0.0126043
-0.275  750 -10.9986 0.294474  0.0132062
-0.275  800 -10.8116 0.295011  0.0153506
-0.275  850 -9.23568 0.292026  0.0138793
-0.275  900 -9.39791 0.294239  0.0131147
-0.275  950 -8.37242 0.293033  0.0113158
-0.275  1000 -7.60128 0.293078  0.0140847
-0.275  1050 -6.65322 0.292562  0.0122679
-0.275  1100 -6.35163 0.293649  0.0123012
-0.275  1150 -5.23092 0.292732  0.0117777
-0.275  1200 -5.00258 0.293096  0.0105112
-0.275  1250 -4.79812 0.296014  0.0138968
-0.275  1300 -4.61785 0.296204  0.0134678
-0.275  1350 -4.34596 0.298073  0.0138498
-0.275  1400 -4.25446 0.299097  0.0125672
-0.275  1450 -4.18506 0.300622  0.0113559
-0.275  1500 -3.68585 0.302511  0.0119738
-0.275  1550 -3.57935 0.303358  0.0123057
-0.275  1600 -3.41628 0.304539  0.0101259
-0.275  1650 -3.43551 0.307139  0.0128126
-0.275  1700 -3.24307 0.307228  0.0113373
-0.275  1750 -3.418 0.310898  0.0120342
-0.275  1800 -3.27828 0.31196  0.0111044
-0.275  1850 -2.9578 0.312571  0.0119227
-0.275  1900 -3.00729 0.314634  0.0103607
-0.275  1950 -3.22035 0.316493  0.00768745
-0.25  300 -47.5374 0.39586  0.147826
-0.25  350 -51.7236 0.408833  0.0211741
-0.25  400 -49.9122 0.403538  0.0189505
-0.25  450 -45.692 0.39138  0.0194895
-0.25  500 -41.0951 0.378321  0.0232934
-0.25  550 -37.2799 0.368236  0.0294963
-0.25  600 -33.0781 0.356867  0.0338852
-0.25  650 -27.6887 0.34302  0.0238448
-0.25  700 -24.2191 0.334103  0.0246124
-0.25  750 -22.0823 0.329983  0.0220246
-0.25  800 -20.1541 0.326368  0.0200458
-0.25  850 -18.1677 0.322561  0.0150267
-0.25  900 -16.8977 0.320437  0.0165127
-0.25  950 -14.9306 0.317243  0.0185832
-0.25  1000 -13.8442 0.316925  0.0169905
-0.25  1050 -12.7455 0.315622  0.0204427
-0.25  1100 -11.7914 0.315338  0.0158344
-0.25  1150 -11.1181 0.314589  0.0129043
-0.25  1200 -10.6353 0.316037  0.0150951
-0.25  1250 -10.0027 0.316542  0.0141515
-0.25  1300 -9.54388 0.316832  0.011636
-0.25  1350 -9.14326 0.318836  0.0104632
-0.25  1400 -8.71765 0.318381  0.0135478
-0.25  1450 -8.42395 0.321634  0.013074
-0.25  1500 -8.12385 0.322537  0.0108235
-0.25  1550 -7.49503 0.322668  0.0114835
-0.25  1600 -7.27707 0.32244  0.011719
-0.25  1650 -7.49852 0.326017  0.0104721
-0.25  1700 -6.68402 0.326058  0.0103949
-0.25  1750 -6.36743 0.326316  0.0115209
-0.25  1800 -6.62711 0.329878  0.00910451
-0.25  1850 -6.54605 0.330368  0.0122485
-0.25  1900 -6.23688 0.331127  0.0089077
-0.25  1950 -6.52966 0.334963  0.00915257
-0.225  300 -57.3749 0.426463  0.53752
-0.225  350 -64.2934 0.447227  0.0243439
-0.225  400 -62.4789 0.442117  0.0171872
-0.225  450 -58.1523 0.429751  0.0252696
-0.225  500 -56.0016 0.42357  0.0245315
-0.225  550 -53.9438 0.417948  0.0288786
-0.225  600 -52.5337 0.413793  0.056763
-0.225  650 -50.6039 0.408816  0.0296574
-0.225  700 -43.1297 0.389312  0.0447623
-0.225  750 -34.3789 0.367561  0.0292842
-0.225  800 -31.6346 0.362289  0.0335105
-0.225  850 -28.3729 0.354878  0.0278516
-0.225  900 -24.7577 0.348259  0.0242885
-0.225  950 -22.4758 0.344264  0.0209804
-0.225  1000 -21.5516 0.343675  0.0288381
-0.225  1050 -19.2513 0.340426  0.0226542
-0.225  1100 -18.1208 0.340576  0.0161522
-0.225  1150 -17.104 0.338964  0.0184755
-0.225  1200 -16.1005 0.337656  0.0196251
-0.225  1250 -15.3676 0.338273  0.0176885
-0.225  1300 -14.114 0.337918  0.0137163
-0.225  1350 -13.8131 0.338809  0.0177763
-0.225  1400 -13.1274 0.339947  0.0134339
-0.225  1450 -12.0123 0.338309  0.0148689
-0.225  1500 -12.0731 0.341269  0.0126776
-0.225  1550 -11.7992 0.342943  0.0140326
-0.225  1600 -11.0681 0.341465  0.0124872
-0.225  1650 -10.8207 0.342882  0.0107249
-0.225  1700 -10.212 0.343979  0.0117404
-0.225  1750 -10.187 0.345553  0.0103521
-0.225  1800 -9.38224 0.346814  0.0119562
-0.225  1850 -9.47319 0.347797  0.0098122
-0.225  1900 -8.6934 0.348553  0.0111165
-0.225  1950 -8.9405 0.35111  0.0103788
-0.2  300 -65.3572 0.451774  1.22865
-0.2  350 -73.5915 0.475715  0.0678796
-0.2  400 -75.9063 0.48191  0.0403986
-0.2  450 -74.5776 0.477778  0.0239288
-0.2  500 -72.539 0.471489  0.0159309
-0.2  550 -69.0378 0.461387  0.0271405
-0.2  600 -66.2182 0.453007  0.0307506
-0.2  650 -62.2757 0.44258  0.0299212
-0.2  700 -58.812 0.432984  0.0392597
-0.2  750 -54.1965 0.421473  0.0342525
-0.2  800 -44.3765 0.399058  0.065915
-0.2  850 -35.9456 0.381182  0.0609218
-0.2  900 -31.2162 0.371816  0.0384503
-0.2  950 -29.5221 0.37005  0.0429133
-0.2  1000 -28.5812 0.369477  0.0229891
-0.2  1050 -25.6277 0.365076  0.028628
-0.2  1100 -22.735 0.359485  0.0292033
-0.2  1150 -22.9712 0.360986  0.0178343
-0.2  1200 -20.7117 0.358791  0.0158044
-0.2  1250 -19.6632 0.358335  0.0178298
-0.2  1300 -18.8928 0.359374  0.0148062
-0.2  1350 -17.953 0.359154  0.0187833
-0.2  1400 -17.0295 0.359076  0.014294
-0.2  1450 -16.1733 0.358724  0.0170235
-0.2  1500 -15.8922 0.360151  0.0158103
-0.2  1550 -14.7402 0.360127  0.0180029
-0.2  1600 -14.3853 0.360811  0.0135927
-0.2  1650 -14.1143 0.362743  0.015615
-0.2  1700 -13.9035 0.36403  0.0116853
-0.2  1750 -12.8992 0.36395  0.0109414
-0.2  1800 -12.643 0.363667  0.011145
-0.2  1850 -12.0773 0.366502  0.0118007
-0.2  1900 -11.5507 0.364779  0.010484
-0.2  1950 -11.4501 0.367426  0.0107821
-0.175  300 -67.3578 0.460123  1.01639
-0.175  350 -72.1427 0.472943  0.0137815
-0.175  400 -73.4506 0.476597  0.0235411
-0.175  450 -76.35 0.483888  0.0599897
-0.175  500 -76.0398 0.482238  0.0135776
-0.175  550 -74.2368 0.477002  0.0196754
-0.175  600 -71.5519 0.469442  0.0225262
-0.175  650 -69.3776 0.463524  0.0331457
-0.175  700 -65.8096 0.454559  0.0364044
-0.175  750 -62.5109 0.446333  0.0362806
-0.175  800 -58.0683 0.435915  0.060264
-0.175  850 -48.5559 0.416163  0.0460055
-0.175  900 -44.0683 0.408271  0.0521544
-0.175  950 -38.5291 0.397288  0.0538646
-0.175  1000 -35.0623 0.391639  0.035178
-0.175  1050 -31.517 0.386189  0.0344178
-0.175  1100 -29.1621 0.383193  0.0380081
-0.175  1150 -27.8951 0.383087  0.0282994
-0.175  1200 -25.5493 0.379858  0.0275891
-0.175  1250 -23.3957 0.377733  0.0224191
-0.175  1300 -22.2871 0.377079  0.0190011
-0.175  1350 -21.5652 0.378353  0.0212948
-0.175  1400 -20.8266 0.378907  0.0193072
-0.175  1450 -19.7032 0.379278  0.0154097
-0.175  1500 -19.4011 0.380623  0.0139073
-0.175  1550 -17.9687 0.377578  0.0147543
-0.175  1600 -17.0637 0.379332  0.0170521
-0.175  1650 -16.8233 0.37934  0.0150708
-0.175  1700 -16.3154 0.381925  0.01347
-0.175  1750 -15.5899 0.38138  0.0123813
-0.175  1800 -14.808 0.380762  0.00881478
-0.175  1850 -14.534 0.382191  0.0120961
-0.175  1900 -14.3015 0.383418  0.0112681
-0.175  1950 -13.7019 0.384159  0.0107062
-0.15  300 -68.7525 0.467586  1.44556
-0.15  350 -72.8265 0.477767  0.00421074
-0.15  400 -72.3072 0.47682  0.00990623
-0.15  450 -71.2729 0.473581  0.00919523
-0.15  500 -70.1862 0.471267  0.0170287
-0.15  550 -68.6893 0.466925  0.0199968
-0.15  600 -66.8083 0.462378  0.0251985
-0.15  650 -64.6726 0.456462  0.0211935
-0.15  700 -61.3199 0.450079  0.0335132
-0.15  750 -57.9703 0.442456  0.0539954
-0.15  800 -56.5406 0.439634  0.0417216
-0.15  850 -53.302 0.433217  0.0457285
-0.15  900 -51.2514 0.43003  0.103831
-0.15  950 -47.4565 0.423968  0.0760008
-0.15  1000 -46.0246 0.421914  0.0388391
-0.15  1050 -37.3302 0.408214  0.12136
-0.15  1100 -34.5567 0.404974  0.032333
-0.15  1150 -31.6762 0.401129  0.0376916
-0.15  1200 -30.3374 0.399721  0.0321569
-0.15  1250 -28.0441 0.397855  0.0279369
-0.15  1300 -26.8118 0.398107  0.0272118
-0.15  1350 -25.1567 0.397687  0.0208655
-0.15  1400 -23.6868 0.396198  0.0224966
-0.15  1450 -22.8973 0.397718  0.0179666
-0.15  1500 -21.181 0.394632  0.0194645
-0.15  1550 -20.8843 0.395887  0.0164353
-0.15  1600 -19.7497 0.395364  0.0159996
-0.15  1650 -19.8179 0.398341  0.0128951
-0.15  1700 -18.717 0.398276  0.015527
-0.15  1750 -17.5754 0.398138  0.0111966
-0.15  1800 -17.3661 0.398115  0.0138107
-0.15  1850 -16.7116 0.398744  0.0112068
-0.15  1900 -16.4099 0.400784  0.0105155
-0.15  1950 -15.6743 0.400187  0.00966253
-0.125  300 -74.2527 0.483693  2.65141
-0.125  350 -81.7129 0.499368  0.00263316
-0.125  400 -81.2498 0.497993  0.00672579
-0.125  450 -80.8404 0.496732  0.00891004
-0.125  500 -79.9812 0.49418  0.0138099
-0.125  550 -79.2024 0.492122  0.0176668
-0.125  600 -78.1777 0.489078  0.0132017
-0.125  650 -76.4716 0.484588  0.0182939
-0.125  700 -74.9761 0.481103  0.0284995
-0.125  750 -72.7323 0.475912  0.0316659
-0.125  800 -69.8239 0.470149  0.0680413
-0.125  850 -66.8902 0.464485  0.0735213
-0.125  900 -62.7998 0.45715  0.0557512
-0.125  950 -56.863 0.449307  0.0580053
-0.125  1000 -53.2294 0.443146  0.117541
-0.125  1050 -46.801 0.433475  0.138078
-0.125  1100 -37.6874 0.423032  0.0441736
-0.125  1150 -36.5742 0.421681  0.0481289
-0.125  1200 -34.2224 0.420045  0.0306124
-0.125  1250 -31.2188 0.416856  0.0257802
-0.125  1300 -29.2592 0.416549  0.0253911
-0.125  1350 -28.1968 0.415994  0.0198865
-0.125  1400 -26.7784 0.414542  0.0276074
-0.125  1450 -24.9011 0.414082  0.0199881
-0.125  1500 -23.8521 0.413615  0.0215739
-0.125  1550 -22.2479 0.413415  0.0152993
-0.125  1600 -22.0539 0.416156  0.0170909
-0.125  1650 -21.6106 0.415484  0.0208885
-0.125  1700 -20.2698 0.41408  0.0137632
-0.125  1750 -19.9129 0.417193  0.0128002
-0.125  1800 -19.5342 0.416095  0.0123747
-0.125  1850 -18.4945 0.417142  0.0148999
-0.125  1900 -18.1523 0.417691  0.0130526
-0.125  1950 -17.2555 0.416295  0.0120254
-0.1  300 -70.8916 0.481457  1.96134
-0.1  350 -74.9446 0.486967  0.0217769
-0.1  400 -76.4836 0.490141  0.0364969
-0.1  450 -79.2557 0.494673  0.0957701
-0.1  500 -81.1155 0.497578  0.0060947
-0.1  550 -80.3191 0.495341  0.00964587
-0.1  600 -79.4393 0.493218  0.017701
-0.1  650 -78.338 0.490768  0.0188869
-0.1  700 -76.8799 0.487647  0.0284627
-0.1  750 -75.2694 0.48392  0.023729
-0.1  800 -73.6415 0.481167  0.0321345
-0.1  850 -70.5081 0.47488  0.0541926
-0.1  900 -67.557 0.471333  0.0640231
-0.1  950 -61.8111 0.463315  0.120647
-0.1  1000 -57.4068 0.457751  0.0786437
-0.1  1050 -50.7626 0.449715  0.0644449
-0.1  1100 -45.5862 0.443738  0.0909574
-0.1  1150 -39.728 0.439383  0.0583668
-0.1  1200 -36.8651 0.436412  0.0311928
-0.1  1250 -35.0587 0.435589  0.0373739
-0.1  1300 -32.5111 0.435054  0.0425453
-0.1  1350 -30.6842 0.432249  0.0326106
-0.1  1400 -28.5023 0.431603  0.0226191
-0.1  1450 -27.8636 0.433481  0.0224136
-0.1  1500 -25.8051 0.430967  0.0281035
-0.1  1550 -24.9625 0.432161  0.0287544
-0.1  1600 -24.2427 0.433146  0.0168518
-0.1  1650 -23.1517 0.431869  0.013511
-0.1  1700 -21.8582 0.430862  0.0183054
-0.1  1750 -21.5351 0.433726  0.0192295
-0.1  1800 -21.222 0.433933  0.0171485
-0.1  1850 -20.0313 0.431495  0.0114505
-0.1  1900 -19.8007 0.434856  0.0119058
-0.1  1950 -18.6805 0.433105  0.0117381
-0.075  300 -68.6046 0.480426  0.962767
-0.075  350 -73.3236 0.487992  0.018053
-0.075  400 -74.2062 0.489231  0.00854422
-0.075  450 -74.4365 0.490205  0.00755714
-0.075  500 -74.1375 0.489773  0.0106418
-0.075  550 -74.0663 0.489035  0.0462544
-0.075  600 -79.7542 0.494987  0.0443051
-0.075  650 -79.6407 0.494506  0.0175603
-0.075  700 -78.4957 0.492452  0.0228221
-0.075  750 -77.0717 0.489869  0.0208467
-0.075  800 -75.734 0.487542  0.0335575
-0.075  850 -72.4179 0.483343  0.0779237
-0.075  900 -70.5127 0.480641  0.0458882
-0.075  950 -65.4049 0.475754  0.0767352
-0.075  1000 -60.9581 0.469701  0.0972397
-0.075  1050 -51.8914 0.462786  0.10384
-0.075  1100 -45.0368 0.458356  0.071825
-0.075  1150 -44.9609 0.457611  0.0912193
-0.075  1200 -39.1779 0.454024  0.05274
-0.075  1250 -36.5808 0.453419  0.0518274
-0.075  1300 -34.5651 0.452739  0.0500923
-0.075  1350 -32.6922 0.450167  0.0386101
-0.075  1400 -30.5479 0.449612  0.0275904
-0.075  1450 -29.6562 0.450354  0.0389591
-0.075  1500 -28.012 0.449922  0.0198774
-0.075  1550 -26.759 0.449555  0.0201132
-0.075  1600 -25.4649 0.450279  0.0201582
-0.075  1650 -24.5261 0.44893  0.0200434
-0.075  1700 -23.9975 0.449023  0.0187457
-0.075  1750 -23.4034 0.450199  0.0160722
-0.075  1800 -22.254 0.450894  0.0168553
-0.075  1850 -21.2217 0.451284  0.0131749
-0.075  1900 -20.3328 0.449587  0.0144106
-0.075  1950 -19.8832 0.449346  0.0119216
-0.05  300 -68.982 0.486002  2.32718
-0.05  350 -77.4822 0.495878  0.0989814
-0.05  400 -81.509 0.49951  0.0379801
-0.05  450 -81.7047 0.499464  0.00270889
-0.05  500 -81.6096 0.499077  0.00336736
-0.05  550 -81.274 0.498586  0.00615222
-0.05  600 -80.7893 0.497779  0.0100006
-0.05  650 -80.2414 0.496929  0.00883976
-0.05  700 -79.4668 0.495812  0.0146716
-0.05  750 -78.3003 0.493835  0.0251213
-0.05  800 -76.6078 0.491845  0.0243335
-0.05  850 -74.8224 0.490696  0.038236
-0.05  900 -71.6344 0.486932  0.051106
-0.05  950 -68.7532 0.485198  0.0658393
-0.05  1000 -64.4462 0.482313  0.0884428
-0.05  1050 -60.9486 0.480062  0.0819568
-0.05  1100 -51.499 0.474877  0.0898958
-0.05  1150 -43.4465 0.471032  0.0721166
-0.05  1200 -40.2032 0.470108  0.0603541
-0.05  1250 -37.8259 0.468195  0.0446114
-0.05  1300 -36.0051 0.468656  0.0526178
-0.05  1350 -32.7594 0.466663  0.0318101
-0.05  1400 -31.9091 0.467004  0.0343473
-0.05  1450 -30.6105 0.464419  0.0318015
-0.05  1500 -29.0503 0.467093  0.0281871
-0.05  1550 -27.7382 0.466131  0.0212492
-0.05  1600 -26.5324 0.466317  0.0257212
-0.05  1650 -26.1445 0.466073  0.0197043
-0.05  1700 -24.5832 0.466346  0.0125193
-0.05  1750 -23.5538 0.467355  0.0173869
-0.05  1800 -23.337 0.468654  0.0149229
-0.05  1850 -22.0218 0.466682  0.0127549
-0.05  1900 -21.326 0.465325  0.0127995
-0.05  1950 -21.1016 0.466642  0.0115981
-0.025  300 -71.6517 0.493872  1.74913
-0.025  350 -75.6482 0.497494  0.0143305
-0.025  400 -75.8138 0.497873  0.00632782
-0.025  450 -75.4032 0.497145  0.00651439
-0.025  500 -74.9544 0.496858  0.00715987
-0.025  550 -74.2893 0.496574  0.0104166
-0.025  600 -73.5999 0.495675  0.0157889
-0.025  650 -72.6454 0.494859  0.0204817
-0.025  700 -71.9553 0.495196  0.0214557
-0.025  750 -70.6838 0.494089  0.0272101
-0.025  800 -69.3969 0.49299  0.052635
-0.025  850 -72.7946 0.493975  0.143004
-0.025  900 -72.4914 0.493737  0.0407641
-0.025  950 -69.2329 0.492954  0.0841455
-0.025  1000 -64.71 0.491185  0.0974931
-0.025  1050 -61.3402 0.489963  0.0714989
-0.025  1100 -53.5914 0.48794  0.110376
-0.025  1150 -45.2552 0.485987  0.0811484
-0.025  1200 -42.7207 0.485823  0.0515713
-0.025  1250 -39.0923 0.483828  0.0356852
-0.025  1300 -37.0303 0.482926  0.0513175
-0.025  1350 -34.7304 0.483794  0.0486103
-0.025  1400 -33.214 0.483933  0.0417932
-0.025  1450 -30.6602 0.48438  0.0220293
-0.025  1500 -30.3338 0.483074  0.0243028
-0.025  1550 -28.7448 0.482256  0.0219028
-0.025  1600 -26.8955 0.483317  0.0265741
-0.025  1650 -26.7556 0.483569  0.0203535
-0.025  1700 -25.4349 0.482738  0.0254141
-0.025  1750 -24.1082 0.481996  0.0206789
-0.025  1800 -23.3225 0.483985  0.0160671
-0.025  1850 -22.8724 0.482887  0.0171584
-0.025  1900 -22.0301 0.482191  0.0127139
-0.025  1950 -21.3353 0.482609  0.0114119
1.59595e-16  300 -74.6527 0.499796  2.146
1.59595e-16  350 -81.5758 0.499972  0.0563888
1.59595e-16  400 -81.8874 0.500005  0.000681163
1.59595e-16  450 -81.8065 0.500002  0.00182933
1.59595e-16  500 -81.7168 0.499875  0.00243849
1.59595e-16  550 -81.5297 0.499929  0.00507497
1.59595e-16  600 -81.0281 0.500315  0.00853527
1.59595e-16  650 -80.6474 0.500235  0.0158831
1.59595e-16  700 -79.8562 0.500036  0.0164261
1.59595e-16  750 -78.9387 0.500054  0.0184723
1.59595e-16  800 -77.5124 0.499566  0.0292078
1.59595e-16  850 -76.0332 0.499763  0.0414499
1.59595e-16  900 -73.0107 0.499879  0.061429
1.59595e-16  950 -69.5748 0.500141  0.0859134
1.59595e-16  1000 -65.5583 0.499155  0.0802267
1.59595e-16  1050 -58.9096 0.500693  0.0799175
1.59595e-16  1100 -55.6715 0.500337  0.198975
1.59595e-16  1150 -45.0729 0.500546  0.0807955
1.59595e-16  1200 -44.0747 0.500811  0.0539793
1.59595e-16  1250 -40.8924 0.500443  0.0636337
1.59595e-16  1300 -37.8697 0.500123  0.0307441
1.59595e-16  1350 -35.3962 0.499261  0.0360161
1.59595e-16  1400 -33.5714 0.500063  0.0290773
1.59595e-16  1450 -31.7184 0.499903  0.0312992
1.59595e-16  1500 -30.1847 0.500182  0.0255068
1.59595e-16  1550 -29.2211 0.500273  0.0309197
1.59595e-16  1600 -27.5247 0.500152  0.0182097
1.59595e-16  1650 -27.0497 0.500471  0.0212307
1.59595e-16  1700 -25.0423 0.499508  0.0150814
1.59595e-16  1750 -24.955 0.499457  0.018205
1.59595e-16  1800 -23.4848 0.499393  0.0132817
1.59595e-16  1850 -23.6053 0.500538  0.0147755
1.59595e-16  1900 -21.7595 0.500942  0.0114236
1.59595e-16  1950 -21.5207 0.499234  0.0113968
0.025  300 -71.4235 0.506348  2.17485
0.025  350 -75.8667 0.503  0.0523425
0.025  400 -79.1608 0.501248  0.245174
0.025  450 -81.8132 0.500229  0.0017953
0.025  500 -81.7146 0.50026  0.00293687
0.025  550 -81.5188 0.500515  0.00395053
0.025  600 -81.0813 0.500858  0.00695057
0.025  650 -80.157 0.501452  0.0115899
0.025  700 -79.8705 0.501969  0.0219544
0.025  750 -78.6223 0.502958  0.0262162
0.025  800 -76.7193 0.504241  0.0351087
0.025  850 -75.6856 0.504501  0.0526969
0.025  900 -73.8944 0.505196  0.0378765
0.025  950 -69.5737 0.507166  0.0664907
0.025  1000 -67.9303 0.508023  0.0540904
0.025  1050 -61.0542 0.509544  0.0675322
0.025  1100 -55.9588 0.512019  0.0591206
0.025  1150 -47.4901 0.512832  0.127834
0.025  1200 -40.6753 0.516383  0.0403111
0.025  1250 -38.3075 0.515106  0.0525604
0.025  1300 -37.2475 0.514854  0.0302613
0.025  1350 -35.0792 0.51733  0.0277969
0.025  1400 -32.4394 0.515949  0.0225573
0.025  1450 -31.5321 0.51648  0.0230018
0.025  1500 -29.8175 0.515888  0.0235794
0.025  1550 -28.9304 0.51687  0.0272597
0.025  1600 -27.4275 0.518113  0.0200086
0.025  1650 -25.5849 0.518352  0.02209
0.025  1700 -25.6454 0.515931  0.0219727
0.025  1750 -24.3157 0.515583  0.0173435
0.025  1800 -23.5524 0.5189  0.015955
0.025  1850 -22.7811 0.515943  0.0154117
0.025  1900 -22.1461 0.517374  0.0118988
0.025  1950 -21.3706 0.515575  0.00834494
0.05  300 -67.2744 0.517216  1.76845
0.05  350 -74.5279 0.507959  0.141306
0.05  400 -78.7514 0.503153  0.16262
0.05  450 -81.7146 0.500495  0.00203035
0.05  500 -81.5857 0.500873  0.00312369
0.05  550 -81.2655 0.501684  0.00694421
0.05  600 -80.6956 0.502367  0.0103566
0.05  650 -80.3566 0.502984  0.0103088
0.05  700 -79.2938 0.50406  0.0190169
0.05  750 -77.7618 0.506865  0.0297017
0.05  800 -76.1446 0.508104  0.0346018
0.05  850 -74.3309 0.509076  0.0449891
0.05  900 -72.1594 0.511826  0.0451454
0.05  950 -68.643 0.513538  0.0549717
0.05  1000 -63.1154 0.517764  0.0472338
0.05  1050 -58.7324 0.521024  0.075486
0.05  1100 -52.0484 0.523373  0.153984
0.05  1150 -46.2883 0.528252  0.0563013
0.05  1200 -41.2913 0.530658  0.0567698
0.05  1250 -39.2604 0.531131  0.0442425
0.05  1300 -36.4554 0.532267  0.0387764
0.05  1350 -34.0692 0.531485  0.0271123
0.05  1400 -32.4952 0.532386  0.0230758
0.05  1450 -31.4421 0.533081  0.0288696
0.05  1500 -29.0978 0.533293  0.0262988
0.05  1550 -28.3274 0.534577  0.0172693
0.05  1600 -26.0306 0.535072  0.0181129
0.05  1650 -25.6817 0.532402  0.0223112
0.05  1700 -24.363 0.534918  0.0181711
0.05  1750 -23.6435 0.533236  0.0155675
0.05  1800 -23.0518 0.534086  0.0126568
0.05  1850 -22.1827 0.534511  0.0126338
0.05  1900 -21.9531 0.533548  0.0125185
0.05  1950 -21.3412 0.532341  0.0125723
0.075  300 -70.1182 0.516624  1.97516
0.075  350 -78.2307 0.504935  0.521186
0.075  400 -81.7956 0.500365  0.00178223
0.075  450 -81.6236 0.500892  0.003254
0.075  500 -81.3165 0.501574  0.0062927
0.075  550 -80.952 0.502587  0.00765418
0.075  600 -80.3678 0.503934  0.0141599
0.075  650 -79.7592 0.505722  0.0119046
0.075  700 -78.617 0.508045  0.0146804
0.075  750 -76.5064 0.510931  0.020941
0.075  800 -75.136 0.51267  0.0249038
0.075  850 -72.2133 0.51635  0.0361922
0.075  900 -70.0822 0.519527  0.0459356
0.075  950 -65.8234 0.523897  0.0684677
0.075  1000 -59.3755 0.530757  0.103251
0.075  1050 -57.1497 0.532409  0.0494494
0.075  1100 -48.7356 0.540101  0.0877581
0.075  1150 -42.3934 0.544544  0.0356882
0.075  1200 -38.5496 0.545607  0.0454003
0.075  1250 -37.308 0.546971  0.0403272
0.075  1300 -34.8619 0.54912  0.0560373
0.075  1350 -33.0443 0.550367  0.0251303
0.075  1400 -31.2552 0.548937  0.0303275
0.075  1450 -28.9945 0.551199  0.027815
0.075  1500 -28.7871 0.550757  0.026538
0.075  1550 -26.6744 0.550396  0.0176601
0.075  1600 -25.5358 0.549508  0.0193765
0.075  1650 -24.7549 0.550477  0.0163533
0.075  1700 -24.1921 0.550113  0.0179051
0.075  1750 -23.0075 0.549354  0.0178219
0.075  1800 -22.0693 0.549485  0.012005
0.075  1850 -21.3358 0.548486  0.0136287
0.075  1900 -21.1823 0.548149  0.0179938
0.075  1950 -19.9476 0.549008  0.0109935
0.1  300 -70.0562 0.520908  0.803701
0.1  350 -73.9259 0.5141  0.0685684
0.1  400 -77.5766 0.50802  0.0640969
0.1  450 -81.1668 0.50197  0.0137787
0.1  500 -80.7861 0.503407  0.00806811
0.1  550 -80.4797 0.504155  0.0095736
0.1  600 -79.6326 0.506408  0.0160199
0.1  650 -78.2663 0.509715  0.0154277
0.1  700 -77.4153 0.511895  0.025136
0.1  750 -75.0595 0.515941  0.0365517
0.1  800 -73.6991 0.519618  0.0346944
0.1  850 -69.4405 0.526235  0.0485822
0.1  900 -66 0.530728  0.0641508
0.1  950 -63.0533 0.535881  0.113549
0.1  1000 -57.9814 0.541471  0.085456
0.1  1050 -48.5694 0.552769  0.0762733
0.1  1100 -42.7376 0.557836  0.0605366
0.1  1150 -38.8576 0.560708  0.0660896
0.1  1200 -36.8683 0.563165  0.0504406
0.1  1250 -34.3783 0.56419  0.0387192
0.1  1300 -31.5913 0.566514  0.0291272
0.1  1350 -30.7228 0.566862  0.0403549
0.1  1400 -28.9013 0.567743  0.025189
0.1  1450 -26.5765 0.568138  0.0233111
0.1  1500 -26.2746 0.568771  0.0176162
0.1  1550 -25.0809 0.567435  0.0234564
0.1  1600 -24.4667 0.567054  0.0197189
0.1  1650 -22.9646 0.569328  0.0192183
0.1  1700 -22.4404 0.568906  0.0170096
0.1  1750 -21.5232 0.56886  0.0147358
0.1  1800 -20.9789 0.567607  0.0123648
0.1  1850 -20.4914 0.566357  0.0124071
0.1  1900 -19.503 0.564927  0.011223
0.1  1950 -19.1041 0.565912  0.0139503
0.125  300 -69.5896 0.525597  1.27436
0.125  350 -75.4299 0.514058  0.0576368
0.125  400 -79.4099 0.505769  0.105923
0.125  450 -80.9037 0.502906  0.00976075
0.125  500 -80.1892 0.50513  0.0101426
0.125  550 -79.1299 0.508333  0.0146107
0.125  600 -78.0645 0.51126  0.0146516
0.125  650 -76.7487 0.514773  0.0219237
0.125  700 -74.9936 0.519316  0.0209618
0.125  750 -72.2099 0.52459  0.0304078
0.125  800 -69.3694 0.531421  0.0301146
0.125  850 -67.5818 0.534133  0.0440038
0.125  900 -63.6018 0.54093  0.0602128
0.125  950 -57.7601 0.549953  0.0557132
0.125  1000 -51.3467 0.560725  0.210788
0.125  1050 -42.701 0.571294  0.0631304
0.125  1100 -39.1122 0.575628  0.0625344
0.125  1150 -35.7622 0.579058  0.0334898
0.125  1200 -33.2536 0.581261  0.0325719
0.125  1250 -31.7688 0.583237  0.0395779
0.125  1300 -29.3686 0.584173  0.034449
0.125  1350 -27.7125 0.585478  0.027589
0.125  1400 -26.6871 0.584574  0.0201752
0.125  1450 -25.2593 0.585231  0.0195688
0.125  1500 -24.297 0.585708  0.0178654
0.125  1550 -23.2812 0.584925  0.017955
0.125  1600 -22.3505 0.584868  0.0145773
0.125  1650 -21.4833 0.584495  0.0153136
0.125  1700 -20.3217 0.585233  0.01463
0.125  1750 -19.8228 0.58498  0.0152103
0.125  1800 -19.4693 0.583554  0.0140491
0.125  1850 -18.4915 0.58265  0.0116276
0.125  1900 -17.6127 0.583096  0.010824
0.125  1950 -17.3772 0.582333  0.0108287
0.15  300 -68.7387 0.532721  1.48575
0.15  350 -76.7808 0.513253  0.206322
0.15  400 -80.7859 0.503461  0.00816801
0.15  450 -79.8285 0.506325  0.0106046
0.15  500 -78.7623 0.509606  0.0143149
0.15  550 -77.1586 0.514165  0.0194347
0.15  600 -75.6877 0.518188  0.0192931
0.15  650 -73.8318 0.52348  0.0299323
0.15  700 -70.8966 0.530987  0.0275261
0.15  750 -68.8233 0.535957  0.0319989
0.15  800 -64.5697 0.545243  0.0417257
0.15  850 -58.9413 0.556666  0.0362458
0.15  900 -53.2106 0.566713  0.0632507
0.15  950 -42.7485 0.583834  0.079954
0.15  1000 -39.0809 0.589908  0.0498199
0.15  1050 -38.9985 0.589597  0.0491013
0.15  1100 -33.2786 0.598444  0.0536264
0.15  1150 -31.6553 0.59886  0.0390995
0.15  1200 -30.5523 0.598952  0.0348912
0.15  1250 -27.7279 0.601473  0.0266269
0.15  1300 -26.3485 0.601415  0.025859
0.15  1350 -24.9361 0.604187  0.0204516
0.15  1400 -24.568 0.60205  0.0260468
0.15  1450 -23.3085 0.60167  0.0167581
0.15  1500 -21.9417 0.603247  0.017066
0.15  1550 -20.3899 0.603556  0.015305
0.15  1600 -20.321 0.602464  0.0165965
0.15  1650 -19.4727 0.602518  0.0197536
0.15  1700 -18.7924 0.601116  0.0168848
0.15  1750 -18.1558 0.601882  0.017254
0.15  1800 -17.6981 0.601307  0.0118968
0.15  1850 -17.0509 0.600588  0.0118448
0.15  1900 -16.4982 0.599282  0.009606
0.15  1950 -16.0962 0.599402  0.0107077
0.175  300 -64.8808 0.547207  1.50411
0.175  350 -68.5617 0.537485  0.00753621
0.175  400 -67.3913 0.540097  0.0174537
0.175  450 -66.0967 0.543359  0.0199186
0.175  500 -64.3506 0.547595  0.0184895
0.175  550 -61.3633 0.554742  0.0268704
0.175  600 -59.9118 0.558757  0.0206245
0.175  650 -58.4416 0.561541  0.0331353
0.175  700 -56.6919 0.566398  0.0317214
0.175  750 -54.599 0.570429  0.0314994
0.175  800 -50.6301 0.579892  0.0653989
0.175  850 -52.8632 0.574971  0.0548986
0.175  900 -50.6487 0.579913  0.0570905
0.175  950 -41.2133 0.597802  0.0662716
0.175  1000 -34.606 0.608831  0.0411233
0.175  1050 -32.2991 0.611809  0.0386582
0.175  1100 -29.7556 0.615347  0.0337372
0.175  1150 -27.6393 0.617904  0.0326727
0.175  1200 -24.7956 0.620188  0.0392917
0.175  1250 -24.1856 0.620747  0.0143627
0.175  1300 -23.2914 0.620389  0.0250241
0.175  1350 -21.1691 0.622892  0.0200934
0.175  1400 -20.4768 0.622569  0.0198164
0.175  1450 -19.3293 0.622404  0.0156636
0.175  1500 -18.9231 0.622356  0.0181346
0.175  1550 -17.8401 0.622204  0.0195253
0.175  1600 -17.2691 0.619346  0.013222
0.175  1650 -16.9214 0.62054  0.0155413
0.175  1700 -16.1636 0.619728  0.0146594
0.175  1750 -15.6734 0.617617  0.0123922
0.175  1800 -14.9507 0.61935  0.0136765
0.175  1850 -15.0463 0.616985  0.00988451
0.175  1900 -14.4661 0.616045  0.0108573
0.175  1950 -13.3517 0.618697  0.0129438
0.2  300 -63.3508 0.554181  0.930921
0.2  350 -69.9345 0.53484  0.0266939
0.2  400 -72.2121 0.528416  0.0341709
0.2  450 -74.2929 0.52302  0.0261427
0.2  500 -72.0694 0.529859  0.0197194
0.2  550 -69.1317 0.538353  0.0199293
0.2  600 -64.7883 0.550642  0.0204442
0.2  650 -61.5875 0.559527  0.0258474
0.2  700 -57.936 0.568464  0.0436999
0.2  750 -53.785 0.578837  0.0557569
0.2  800 -45.3863 0.597991  0.0469715
0.2  850 -40.4232 0.608667  0.0477137
0.2  900 -34.3865 0.62159  0.0429515
0.2  950 -30.9673 0.628796  0.0245347
0.2  1000 -27.131 0.634305  0.0305133
0.2  1050 -26.362 0.634695  0.0367024
0.2  1100 -24.4294 0.637352  0.0212852
0.2  1150 -22.2613 0.639495  0.0186429
0.2  1200 -21.1328 0.640065  0.0188495
0.2  1250 -19.4817 0.64183  0.0164776
0.2  1300 -18.7642 0.641371  0.0194324
0.2  1350 -18.2962 0.6403  0.0192726
0.2  1400 -16.6128 0.642318  0.0186903
0.2  1450 -16.2431 0.640825  0.0148859
0.2  1500 -15.4398 0.639712  0.0150772
0.2  1550 -15.2785 0.638677  0.0148049
0.2  1600 -13.9297 0.640076  0.0134127
0.2  1650 -13.227 0.639913  0.013538
0.2  1700 -13.1565 0.637928  0.0146793
0.2  1750 -12.9754 0.636603  0.0114426
0.2  1800 -12.3283 0.637368  0.00933144
0.2  1850 -12.3647 0.635639  0.00918525
0.2  1900 -11.6569 0.63409  0.0107242
0.2  1950 -11.6878 0.632106  0.0115723
0.225  300 -52.4675 0.588161  0.465492
0.225  350 -61.7295 0.560242  0.0384861
0.225  400 -61.2508 0.561616  0.0193104
0.225  450 -62.8247 0.557193  0.0550338
0.225  500 -63.8482 0.554441  0.0309454
0.225  550 -60.4013 0.564496  0.0332885
0.225  600 -55.4543 0.578583  0.0329141
0.225  650 -50.0981 0.5929  0.0315694
0.225  700 -43.9425 0.608864  0.0302539
0.225  750 -37.6245 0.624677  0.0359218
0.225  800 -31.4565 0.63873  0.0356584
0.225  850 -28.19 0.645398  0.0320662
0.225  900 -23.5424 0.654921  0.0193547
0.225  950 -22.3327 0.656697  0.0294017
0.225  1000 -20.9977 0.657916  0.0227454
0.225  1050 -18.957 0.660816  0.0205395
0.225  1100 -17.6869 0.661138  0.0247288
0.225  1150 -17.2077 0.660003  0.017056
0.225  1200 -15.5451 0.663176  0.0184272
0.225  1250 -14.7275 0.663619  0.0148987
0.225  1300 -14.2351 0.661925  0.0165234
0.225  1350 -13.6519 0.66147  0.0118347
0.225  1400 -13.0783 0.661084  0.0132545
0.225  1450 -12.7666 0.659044  0.0129998
0.225  1500 -11.8956 0.659122  0.0130589
0.225  1550 -11.4376 0.658751  0.0115267
0.225  1600 -11.0047 0.657825  0.0125003
0.225  1650 -10.5006 0.656254  0.0100814
0.225  1700 -10.6789 0.654686  0.0123462
0.225  1750 -9.71131 0.656046  0.0117514
0.225  1800 -10.0839 0.652723  0.0104487
0.225  1850 -9.14392 0.652838  0.00934853
0.225  1900 -9.42101 0.65007  0.0124424
0.225  1950 -8.98926 0.649423  0.0105512
0.25  300 -47.0876 0.605482  0.144828
0.25  350 -50.9977 0.593457  0.0242501
0.25  400 -48.9553 0.599312  0.0191622
0.25  450 -44.6363 0.611875  0.0233721
0.25  500 -42.7973 0.617106  0.0224704
0.25  550 -39.9218 0.624944  0.0256743
0.25  600 -34.0179 0.640668  0.0287811
0.25  650 -29.8413 0.651295  0.0245354
0.25  700 -25.3857 0.662384  0.0222652
0.25  750 -22.3826 0.66975  0.0213058
0.25  800 -20.2931 0.673413  0.0189907
0.25  850 -18.1725 0.677798  0.0172561
0.25  900 -16.606 0.680217  0.0221665
0.25  950 -14.7694 0.683411  0.0189309
0.25  1000 -13.8694 0.683686  0.0166825
0.25  1050 -13.1375 0.682479  0.0169229
0.25  1100 -12.064 0.68441  0.0153902
0.25  1150 -10.4938 0.686028  0.0144309
0.25  1200 -11.1708 0.68378  0.015832
0.25  1250 -9.89658 0.684433  0.0175713
0.25  1300 -9.85714 0.682601  0.0102753
0.25  1350 -9.44116 0.679988  0.0146083
0.25  1400 -8.60381 0.681932  0.0108261
0.25  1450 -8.92411 0.678636  0.0142128
0.25  1500 -8.1172 0.680102  0.0123463
0.25  1550 -7.58172 0.678584  0.0137207
0.25  1600 -7.65359 0.675906  0.00940254
0.25  1650 -7.37294 0.674851  0.0120779
0.25  1700 -6.914 0.673969  0.0107463
0.25  1750 -6.6337 0.671372  0.0101
0.25  1800 -6.48385 0.67041  0.0130928
0.25  1850 -6.76024 0.667909  0.0129716
0.25  1900 -6.20659 0.66853  0.0103122
0.25  1950 -5.86096 0.666713  0.0113281
0.275  300 -36.4923 0.638258  0.0579658
0.275  350 -38.813 0.631012  0.0175964
0.275  400 -34.2022 0.644753  0.0145201
0.275  450 -26.5613 0.666929  0.0148656
0.275  500 -21.9393 0.68009  0.0161883
0.275  550 -18.9693 0.687852  0.0145156
0.275  600 -17.3808 0.691501  0.0167535
0.275  650 -14.281 0.699314  0.0143306
0.275  700 -13.2392 0.700784  0.0120695
0.275  750 -12.2228 0.702509  0.0124831
0.275  800 -11.0936 0.704436  0.0131562
0.275  850 -10.0222 0.705672  0.0133896
0.275  900 -8.3974 0.708369  0.00909872
0.275  950 -7.72796 0.708623  0.0142197
0.275  1000 -7.50686 0.706432  0.0117005
0.275  1050 -6.59752 0.707484  0.0139302
0.275  1100 -5.32958 0.709901  0.0127836
0.275  1150 -5.77727 0.706302  0.0131897
0.275  1200 -5.21281 0.706219  0.0105871
0.275  1250 -5.13603 0.704263  0.0102277
0.275  1300 -5.12476 0.702476  0.0120516
0.275  1350 -4.00952 0.704063  0.0120435
0.275  1400 -4.65836 0.69959  0.0108623
0.275  1450 -3.79679 0.699602  0.0126582
0.275  1500 -3.36261 0.699325  0.0121799
0.275  1550 -3.63603 0.696764  0.00979378
0.275  1600 -3.64593 0.694443  0.0103896
0.275  1650 -3.50012 0.6927  0.0100204
0.275  1700 -3.23128 0.692722  0.0116968
0.275  1750 -3.82608 0.68823  0.011442
0.275  1800 -3.17136 0.689078  0.0126399
0.275  1850 -2.97158 0.686838  0.0102863
0.275  1900 -3.14029 0.684709  0.0094628
0.275  1950 -3.43457 0.683379  0.00928978
0.3  300 -13.4316 0.708779  0.00585103
0.3  350 -11.4742 0.714457  0.00534725
0.3  400 -9.70091 0.719475  0.0066275
0.3  450 -6.88869 0.727424  0.00780076
0.3  500 -6.05809 0.729245  0.00692221
0.3  550 -4.51999 0.732778  0.00753638
0.3  600 -2.76476 0.737154  0.00830839
0.3  650 -2.64171 0.736392  0.00747753
0.3  700 -2.23597 0.736334  0.00837564
0.3  750 -0.77306 0.739482  0.00986011
0.3  800 -0.792807 0.737371  0.00942862
0.3  850 -0.746723 0.736389  0.0105046
0.3  900 -0.485031 0.73541  0.0103479
0.3  950 0.360771 0.736568  0.00931305
0.3  1000 -0.153824 0.732874  0.0130866
0.3  1050 0.341206 0.732639  0.011883
0.3  1100 -0.0622885 0.72966  0.00995138
0.3  1150 1.24162 0.732014  0.0108516
0.3  1200 0.425553 0.72834  0.00968565
0.3  1250 0.30912 0.725863  0.0110794
0.3  1300 1.02298 0.725043  0.0128459
0.3  1350 0.469171 0.722097  0.0122879
0.3  1400 0.919485 0.722144  0.0109736
0.3  1450 0.729375 0.718976  0.0107578
0.3  1500 0.489709 0.717295  0.0112334
0.3  1550 0.484802 0.715264  0.0120127
0.3  1600 0.283597 0.714078  0.010281
0.3  1650 0.510755 0.711683  0.0134115
0.3  1700 0.564717 0.710199  0.0114828
0.3  1750 0.152787 0.706624  0.00945354
0.3  1800 0.548279 0.707049  0.0103697
0.3  1850 0.438728 0.704658  0.0114078
0.3  1900 0.285252 0.701947  0.0109787
0.3  1950 0.119922 0.700814  0.00952531
0.325  300 13.1352 0.789961  0.00115824
0.325  350 12.0169 0.786357  0.00183852
0.325  400 11.3165 0.783852  0.00288974
0.325  450 11.8875 0.785281  0.00369741
0.325  500 9.95028 0.778653  0.00459412
0.325  550 10.216 0.778863  0.00425344
0.325  600 9.67348 0.776238  0.00657474
0.325  650 9.37857 0.77446  0.0061822
0.325  700 9.28571 0.773263  0.00688499
0.325  750 8.9097 0.771176  0.00865613
0.325  800 8.65057 0.768893  0.00951251
0.325  850 8.1084 0.765715  0.00876338
0.325  900 7.76902 0.763136  0.0103183
0.325  950 7.16784 0.760295  0.0104692
0.325  1000 7.24361 0.759534  0.00902662
0.325  1050 7.38512 0.758776  0.00759402
0.325  1100 6.94718 0.75511  0.0105601
0.325  1150 6.92269 0.753908  0.0105292
0.325  1200 6.40576 0.750087  0.0101313
0.325  1250 6.04787 0.747762  0.0112328
0.325  1300 6.14631 0.746717  0.0108182
0.325  1350 5.55222 0.742942  0.0107149
0.325  1400 5.41164 0.741038  0.0133147
0.325  1450 5.61384 0.740415  0.0131554
0.325  1500 5.28077 0.73583  0.0121202
0.325  1550 4.851 0.734257  0.0111571
0.325  1600 4.5975 0.731854  0.00888924
0.325  1650 4.16907 0.728123  0.0114443
0.325  1700 4.7679 0.72865  0.00966646
0.325  1750 3.92121 0.724432  0.010725
0.325  1800 4.29937 0.724609  0.0103911
0.325  1850 3.97225 0.720941  0.00911332
0.325  1900 3.89941 0.7197  0.00916515
0.325  1950 3.75154 0.717412  0.0103515
0.35  300 36.8039 0.862268  0.00870061
0.35  350 32.7272 0.849754  0.00637252
0.35  400 29.804 0.840628  0.00776245
0.35  450 27.3472 0.83286  0.00669264
0.35  500 25.3089 0.826219  0.0066964
0.35  550 23.7647 0.82112  0.00691603
0.35  600 22.0396 0.815064  0.00849882
0.35  650 21.195 0.811946  0.00821945
0.35  700 19.447 0.805707  0.00759482
0.35  750 18.6082 0.802175  0.00963399
0.35  800 18.0233 0.799615  0.00856289
0.35  850 17.0003 0.795566  0.00954619
0.35  900 16.3412 0.792191  0.0105467
0.35  950 15.7054 0.788753  0.0104234
0.35  1000 14.9943 0.78619  0.00970476
0.35  1050 13.6356 0.780493  0.0123021
0.35  1100 13.552 0.778768  0.0106462
0.35  1150 13.0939 0.77563  0.0115761
0.35  1200 12.5006 0.773457  0.0108469
0.35  1250 11.6579 0.768737  0.00912271
0.35  1300 11.8601 0.767994  0.00964475
0.35  1350 11.2866 0.764759  0.011046
0.35  1400 10.7671 0.761761  0.0119399
0.35  1450 10.5298 0.75938  0.0130076
0.35  1500 9.77084 0.75578  0.0100641
0.35  1550 9.42833 0.753516  0.0099658
0.35  1600 9.32637 0.751706  0.0108781
0.35  1650 9.00585 0.748528  0.0128741
0.35  1700 8.57916 0.745263  0.0120825
0.35  1750 8.38403 0.743994  0.0151511
0.35  1800 7.8226 0.741384  0.012363
0.35  1850 7.99077 0.739709  0.0114727
0.35  1900 6.81979 0.733704  0.0120238
0.35  1950 7.39124 0.734434  0.012095
0.375  300 56.0215 0.920963  0.020217
0.375  350 50.6697 0.904558  0.0163496
0.375  400 46.3528 0.891332  0.0161188
0.375  450 41.7882 0.877175  0.0159573
0.375  500 39.3593 0.869622  0.0136295
0.375  550 36.5693 0.860662  0.0121362
0.375  600 34.2841 0.85326  0.0109729
0.375  650 31.8516 0.845542  0.00943258
0.375  700 30.3644 0.840475  0.00867689
0.375  750 28.6796 0.83441  0.0101422
0.375  800 26.7305 0.827608  0.0118194
0.375  850 25.5881 0.823414  0.010075
0.375  900 24.115 0.818012  0.010669
0.375  950 24.0385 0.816836  0.0109797
0.375  1000 22.3969 0.811155  0.0117118
0.375  1050 21.3101 0.806294  0.0134283
0.375  1100 20.3491 0.802278  0.0115148
0.375  1150 19.6877 0.799094  0.0131708
0.375  1200 18.9032 0.795  0.0127816
0.375  1250 18.2223 0.792362  0.0107118
0.375  1300 17.291 0.7875  0.0124593
0.375  1350 16.7896 0.785214  0.0115425
0.375  1400 16.3224 0.782887  0.0136227
0.375  1450 15.3087 0.778451  0.0119289
0.375  1500 14.4512 0.773928  0.0124041
0.375  1550 14.1596 0.771627  0.013107
0.375  1600 13.9944 0.770209  0.012127
0.375  1650 13.2473 0.765797  0.0108741
0.375  1700 13.2149 0.765297  0.0143283
0.375  1750 12.5594 0.761664  0.0107312
0.375  1800 11.8762 0.757897  0.0113763
0.375  1850 11.508 0.75465  0.0126621
0.375  1900 11.2524 0.752565  0.0135528
0.375  1950 10.4281 0.748426  0.0126374
0.4  300 69.9415 0.963438  0.0254787
0.4  350 64.4236 0.946595  0.026128
0.4  400 59.6843 0.93209  0.0255424
0.4  450 55.8453 0.920302  0.0167945
0.4  500 51.6606 0.907464  0.0224133
0.4  550 48.3223 0.89708  0.0183425
0.4  600 44.9128 0.88637  0.0178488
0.4  650 42.92 0.879929  0.0128893
0.4  700 40.3464 0.871764  0.0146493
0.4  750 37.7007 0.863185  0.0188889
0.4  800 35.8748 0.856874  0.0160986
0.4  850 33.9262 0.850435  0.0120185
0.4  900 32.2455 0.844386  0.0135617
0.4  950 30.8253 0.839106  0.0147106
0.4  1000 29.1412 0.833308  0.0126286
0.4  1050 28.7192 0.831483  0.012054
0.4  1100 27.0029 0.825232  0.0144083
0.4  1150 25.9619 0.821029  0.0116776
0.4  1200 24.9815 0.81673  0.0132172
0.4  1250 23.9117 0.812327  0.0151072
0.4  1300 23.1721 0.809159  0.0145868
0.4  1350 21.892 0.804098  0.0137557
0.4  1400 21.4596 0.801616  0.0136398
0.4  1450 20.4573 0.79733  0.0131518
0.4  1500 19.8121 0.794061  0.012374
0.4  1550 19.3256 0.791325  0.0161009
0.4  1600 18.6747 0.788331  0.0134125
0.4  1650 18.0083 0.785187  0.0135509
0.4  1700 17.1572 0.780862  0.0160828
0.4  1750 16.6335 0.777726  0.0126679
0.4  1800 15.3979 0.772476  0.0150518
0.4  1850 15.8293 0.772425  0.0157667
0.4  1900 15.1607 0.769279  0.0133182
0.4  1950 14.7698 0.767139  0.015654
0.425  300 76.8686 0.984584  0.019133
0.425  350 73.0777 0.973016  0.0282756
0.425  400 69.6417 0.962511  0.0212439
0.425  450 65.0547 0.948489  0.0220079
0.425  500 61.3924 0.937261  0.0217199
0.425  550 57.7957 0.926238  0.0232031
0.425  600 53.904 0.914077  0.0249784
0.425  650 51.8792 0.907753  0.0198331
0.425  700 49.8899 0.901498  0.019013
0.425  750 46.0787 0.889301  0.0188758
0.425  800 44.5934 0.88449  0.0181799
0.425  850 42.3606 0.877214  0.0183256
0.425  900 39.9906 0.869551  0.0154509
0.425  950 38.3673 0.863835  0.0148415
0.425  1000 36.6204 0.858028  0.0153276
0.425  1050 35.3658 0.853248  0.016943
0.425  1100 33.5481 0.846912  0.0127249
0.425  1150 32.3517 0.842267  0.0160148
0.425  1200 30.5489 0.836001  0.0155716
0.425  1250 29.3658 0.831283  0.016648
0.425  1300 29.6028 0.831395  0.0158308
0.425  1350 27.8312 0.825176  0.0151039
0.425  1400 26.1788 0.818316  0.016088
0.425  1450 25.2874 0.814976  0.0177287
0.425  1500 24.3899 0.811375  0.0150853
0.425  1550 24.213 0.80982  0.0158412
0.425  1600 23.4611 0.806347  0.0129886
0.425  1650 22.2373 0.800468  0.0130067
0.425  1700 21.1104 0.795894  0.0149105
0.425  1750 21.1737 0.795549  0.0119646
0.425  1800 20.0756 0.790921  0.0138043
0.425  1850 20.1677 0.79087  0.0155345
0.425  1900 19.1331 0.785354  0.0156329
0.425  1950 18.4079 0.782812  0.0158472
0.45  300 79.9927 0.994118  0.0107077
0.45  350 77.8212 0.987487  0.0195966
0.45  400 74.9483 0.978719  0.0188019
0.45  450 72.5504 0.971394  0.0185807
0.45  500 68.7164 0.959669  0.022311
0.45  550 65.3134 0.94924  0.0259751
0.45  600 62.8126 0.941467  0.0272903
0.45  650 59.3675 0.930782  0.0288489
0.45  700 56.7211 0.922653  0.0216715
0.45  750 54.2516 0.914782  0.0225863
0.45  800 52.0654 0.907771  0.0227116
0.45  850 49.2449 0.898887  0.0220864
0.45  900 47.0562 0.891669  0.0213015
0.45  950 45.8462 0.88776  0.0192066
0.45  1000 43.9877 0.881444  0.0195188
0.45  1050 42.3125 0.876017  0.0203002
0.45  1100 39.9664 0.868138  0.0182681
0.45  1150 37.8751 0.860469  0.0164588
0.45  1200 37.5319 0.859277  0.0158509
0.45  1250 35.163 0.850983  0.0170833
0.45  1300 34.3729 0.848263  0.0171599
0.45  1350 33.1537 0.843453  0.0167753
0.45  1400 32.1678 0.839568  0.0171758
0.45  1450 30.7336 0.833379  0.0191086
0.45  1500 29.9031 0.831069  0.0172201
0.45  1550 28.1447 0.824015  0.0162348
0.45  1600 27.4688 0.820641  0.0154088
0.45  1650 26.587 0.81713  0.0159457
0.45  1700 26.1113 0.814986  0.014503
0.45  1750 25.1217 0.810467  0.0179186
0.45  1800 24.3424 0.807138  0.0153657
0.45  1850 23.9685 0.805007  0.0150363
0.45  1900 23.0948 0.801905  0.0170994
0.45  1950 22.4892 0.798975  0.0141161
0.475  300 81.0408 0.997317  0.0121148
0.475  350 80.1756 0.994676  0.0150379
0.475  400 78.6076 0.989891  0.0167089
0.475  450 76.6045 0.983778  0.0227212
0.475  500 73.926 0.975586  0.0220931
0.475  550 71.2631 0.967462  0.0341885
0.475  600 68.5869 0.959238  0.0259288
0.475  650 65.8385 0.950759  0.02568
0.475  700 63.2392 0.942723  0.0246973
0.475  750 60.7387 0.934973  0.0316799
0.475  800 58.0665 0.926665  0.0237843
0.475  850 56.1558 0.920442  0.0318986
0.475  900 53.523 0.912187  0.0215695
0.475  950 51.1145 0.904477  0.0238795
0.475  1000 49.1051 0.897937  0.02317
0.475  1050 47.3229 0.89204  0.0223036
0.475  1100 46.2034 0.888125  0.0231285
0.475  1150 43.7919 0.880153  0.0209971
0.475  1200 42.6172 0.875987  0.0185412
0.475  1250 41.4251 0.871729  0.026992
0.475  1300 39.4996 0.864738  0.0165259
0.475  1350 37.7034 0.858863  0.022246
0.475  1400 36.1666 0.85328  0.02042
0.475  1450 35.9127 0.852094  0.0188975
0.475  1500 34.2836 0.846291  0.0179252
0.475  1550 33.3214 0.842773  0.0166918
0.475  1600 32.4518 0.839382  0.0170741
0.475  1650 31.3638 0.834927  0.0187827
0.475  1700 31.3025 0.83367  0.0169111
0.475  1750 29.8646 0.82903  0.0173857
0.475  1800 28.6078 0.82313  0.0148203
0.475  1850 28.4215 0.822142  0.0197302
0.475  1900 27.1767 0.817331  0.0205633
0.475  1950 25.91 0.811647  0.0203809
